  -0.5037652387879080E-04   0.9354587561583129E+01   0   0.12309089E+01   0.10000000E-02
  -0.1000383811483373E-03   0.1870952313700692E+02   0   0.24618636E+01   0.10000000E-02
  -0.5004593898456302E-04   0.9354590217978846E+01   1   0.12309092E+01   0.10000000E-02
  -0.1004664449293364E-03   0.1870952878348805E+02   1   0.24618643E+01   0.10000000E-02
  -0.4927313831521718E-04   0.9354595506807787E+01   2   0.12309099E+01   0.10000000E-02
  -0.1022089074444194E-03   0.1870951882645677E+02   2   0.24618630E+01   0.10000000E-02
  -0.5190620169985951E-04   0.9354592526555240E+01   3   0.12309095E+01   0.10000000E-02
  -0.1040053956016024E-03   0.1870951620795624E+02   3   0.24618627E+01   0.10000000E-02
  -0.5255907097778097E-04   0.9354593708635917E+01   4   0.12309097E+01   0.10000000E-02
  -0.1046566247297061E-03   0.1870951113433123E+02   4   0.24618620E+01   0.10000000E-02
  -0.5370057970525892E-04   0.9354592434349121E+01   5   0.12309095E+01   0.10000000E-02
  -0.1076451999161881E-03   0.1870950275796653E+02   5   0.24618609E+01   0.10000000E-02
  -0.5452178653056756E-04   0.9354595316119033E+01   6   0.12309099E+01   0.10000000E-02
  -0.1082480555693158E-03   0.1870949827896464E+02   6   0.24618603E+01   0.10000000E-02
  -0.5505600209019440E-04   0.9354601016982291E+01   7   0.12309107E+01   0.10000000E-02
  -0.1101671753194344E-03   0.1870949813634051E+02   7   0.24618603E+01   0.10000000E-02
  -0.5607368263848869E-04   0.9354603544792454E+01   8   0.12309110E+01   0.10000000E-02
  -0.1128064425704353E-03   0.1870950527712461E+02   8   0.24618612E+01   0.10000000E-02
  -0.5711770317390076E-04   0.9354600665313675E+01   9   0.12309106E+01   0.10000000E-02
  -0.1129802419391862E-03   0.1870949043811272E+02   9   0.24618593E+01   0.10000000E-02
  -0.5771947364000268E-04   0.9354609523483579E+01  10   0.12309118E+01   0.10000000E-02
  -0.1153428841525411E-03   0.1870949891716652E+02  10   0.24618604E+01   0.10000000E-02
  -0.5783832740377579E-04   0.9354617575552657E+01  11   0.12309128E+01   0.10000000E-02
  -0.1165269645188065E-03   0.1870950026316907E+02  11   0.24618606E+01   0.10000000E-02
  -0.5992470243740128E-04   0.9354615797784535E+01  12   0.12309126E+01   0.10000000E-02
  -0.1184573305256100E-03   0.1870949381728059E+02  12   0.24618597E+01   0.10000000E-02
  -0.5980270655575001E-04   0.9354625380426378E+01  13   0.12309139E+01   0.10000000E-02
  -0.1193858901255758E-03   0.1870950147201408E+02  13   0.24618607E+01   0.10000000E-02
  -0.6069086062142362E-04   0.9354625022639590E+01  14   0.12309138E+01   0.10000000E-02
  -0.1212610383089660E-03   0.1870950294735971E+02  14   0.24618609E+01   0.10000000E-02
  -0.6042663608324435E-04   0.9354635177590483E+01  15   0.12309152E+01   0.10000000E-02
  -0.1208497779882026E-03   0.1870951573044784E+02  15   0.24618626E+01   0.10000000E-02
  -0.6123549837843609E-04   0.9354632890668205E+01  16   0.12309149E+01   0.10000000E-02
  -0.1230469889211533E-03   0.1870949796421892E+02  16   0.24618603E+01   0.10000000E-02
  -0.6192724986251057E-04   0.9354644975426472E+01  17   0.12309164E+01   0.10000000E-02
  -0.1245333887026142E-03   0.1870952771432050E+02  17   0.24618642E+01   0.10000000E-02
  -0.6273229806163078E-04   0.9354649496663154E+01  18   0.12309170E+01   0.10000000E-02
  -0.1254322555824049E-03   0.1870951606095828E+02  18   0.24618626E+01   0.10000000E-02
  -0.6289760072151228E-04   0.9354655941258207E+01  19   0.12309179E+01   0.10000000E-02
  -0.1257268626735519E-03   0.1870952524658202E+02  19   0.24618639E+01   0.10000000E-02
  -0.6373651790663540E-04   0.9354663213866158E+01  20   0.12309188E+01   0.10000000E-02
  -0.1276331845088651E-03   0.1870952705843457E+02  20   0.24618641E+01   0.10000000E-02
  -0.6435408789498649E-04   0.9354668446667378E+01  21   0.12309195E+01   0.10000000E-02
  -0.1882902704873274E+01   0.0000000000000000E+00  21   0.00000000E+00   0.10000000E-02
  -0.6424493592010862E-04   0.9354677263346436E+01  22   0.12309207E+01   0.10000000E-02
  -0.1285141867349880E-03   0.1870954546867678E+02  22   0.24618665E+01   0.10000000E-02
  -0.6542193229858758E-04   0.9354676844545715E+01  23   0.12309206E+01   0.10000000E-02
  -0.1309996712675074E-03   0.1870953283180288E+02  23   0.24618648E+01   0.10000000E-02
  -0.6508164766742053E-04   0.9354684123647330E+01  24   0.12309216E+01   0.10000000E-02
  -0.1305969360492350E-03   0.1870954230505474E+02  24   0.24618661E+01   0.10000000E-02
  -0.6494842991832518E-04   0.9354691660533593E+01  25   0.12309226E+01   0.10000000E-02
  -0.1305453410128230E-03   0.1870955085783982E+02  25   0.24618672E+01   0.10000000E-02
  -0.6584692750864385E-04   0.9354696671650882E+01  26   0.12309232E+01   0.10000000E-02
  -0.1321963354080284E-03   0.1870955335088625E+02  26   0.24618675E+01   0.10000000E-02
  -0.6652572203191216E-04   0.9354698262865766E+01  27   0.12309235E+01   0.10000000E-02
  -0.1329806784829242E-03   0.1870954002041734E+02  27   0.24618658E+01   0.10000000E-02
  -0.6689758161243604E-04   0.9354702822106881E+01  28   0.12309241E+01   0.10000000E-02
  -0.1330603671425270E-03   0.1870954837998387E+02  28   0.24618669E+01   0.10000000E-02
  -0.6735097331234545E-04   0.9354708376742831E+01  29   0.12309248E+01   0.10000000E-02
  -0.1350920177514231E-03   0.1870955213245307E+02  29   0.24618674E+01   0.10000000E-02
  -0.6783462795539255E-04   0.9354716476689683E+01  30   0.12309259E+01   0.10000000E-02
  -0.1356196958908666E-03   0.1870955705242118E+02  30   0.24618680E+01   0.10000000E-02
  -0.6833452186769533E-04   0.9354714885888538E+01  31   0.12309256E+01   0.10000000E-02
  -0.1361719966153469E-03   0.1870955458125672E+02  31   0.24618677E+01   0.10000000E-02
  -0.6871310620278633E-04   0.9354716123157049E+01  32   0.12309258E+01   0.10000000E-02
  -0.1367005726535241E-03   0.1870954297675638E+02  32   0.24618662E+01   0.10000000E-02
  -0.6803995796785907E-04   0.9354720151691860E+01  33   0.12309263E+01   0.10000000E-02
  -0.1365898423301400E-03   0.1870953572267893E+02  33   0.24618652E+01   0.10000000E-02
  -0.6912422974460505E-04   0.9354722276889427E+01  34   0.12309266E+01   0.10000000E-02
  -0.1382440064654006E-03   0.1870953510412807E+02  34   0.24618651E+01   0.10000000E-02
  -0.6918173634442805E-04   0.9354724478901531E+01  35   0.12309269E+01   0.10000000E-02
  -0.1383362371642321E-03   0.1870953327568253E+02  35   0.24618649E+01   0.10000000E-02
  -0.6911403540924137E-04   0.9354728910222540E+01  36   0.12309275E+01   0.10000000E-02
  -0.1382743194835027E-03   0.1870952956561005E+02  36   0.24618644E+01   0.10000000E-02
  -0.6891438693809909E-04   0.9354725702745372E+01  37   0.12309271E+01   0.10000000E-02
  -0.1388860166359410E-03   0.1870950826415697E+02  37   0.24618616E+01   0.10000000E-02
  -0.7013933201530360E-04   0.9354723397566285E+01  38   0.12309268E+01   0.10000000E-02
  -0.1390635288287051E-03   0.1870950897644149E+02  38   0.24618617E+01   0.10000000E-02
  -0.7003620688011834E-04   0.9354726200389585E+01  39   0.12309271E+01   0.10000000E-02
  -0.1399374347364970E-03   0.1870950895716210E+02  39   0.24618617E+01   0.10000000E-02
  -0.6930117392980486E-04   0.9354725141575561E+01  40   0.12309270E+01   0.10000000E-02
  -0.1393674884347136E-03   0.1870948476364079E+02  40   0.24618585E+01   0.10000000E-02
  -0.6942444569276383E-04   0.9354723341270814E+01  41   0.12309268E+01   0.10000000E-02
  -0.1392082551549139E-03   0.1870947909912121E+02  41   0.24618578E+01   0.10000000E-02
  -0.6978424650450354E-04   0.9354722393660648E+01  42   0.12309266E+01   0.10000000E-02
  -0.1399857959798695E-03   0.1870946860161514E+02  42   0.24618564E+01   0.10000000E-02
  -0.6986451997887641E-04   0.9354719401203138E+01  43   0.12309262E+01   0.10000000E-02
  -0.1396756512275564E-03   0.1870945859548921E+02  43   0.24618551E+01   0.10000000E-02
  -0.6980504155142372E-04   0.9354718179952693E+01  44   0.12309261E+01   0.10000000E-02
  -0.1398811267871165E-03   0.1870943977122157E+02  44   0.24618526E+01   0.10000000E-02
  -0.6971705769910777E-04   0.9354708595576004E+01  45   0.12309248E+01   0.10000000E-02
  -0.1398449176948091E-03   0.1870941252026278E+02  45   0.24618490E+01   0.10000000E-02
  -0.6999595088534743E-04   0.9354710242081589E+01  46   0.12309250E+01   0.10000000E-02
  -0.1403615195056543E-03   0.1870940982678238E+02  46   0.24618487E+01   0.10000000E-02
  -0.7806748147566418E-04   0.9354696256209360E+01  47   0.12309232E+01   0.10000000E-02
  -0.1402337471402183E-03   0.1870937744480907E+02  47   0.24618444E+01   0.10000000E-02
  -0.7044592556468094E-04   0.9354696504897387E+01  48   0.12309232E+01   0.10000000E-02
  -0.1403173669579607E-03   0.1870936970731446E+02  48   0.24618434E+01   0.10000000E-02
  -0.6968517607161399E-04   0.9354691955733612E+01  49   0.12309226E+01   0.10000000E-02
  -0.1398172324857654E-03   0.1870935025770259E+02  49   0.24618408E+01   0.10000000E-02
  -0.6983687222474463E-04   0.9354687531953455E+01  50   0.12309220E+01   0.10000000E-02
  -0.1397261692266534E-03   0.1870933342787546E+02  50   0.24618386E+01   0.10000000E-02
  -0.6940772241836573E-04   0.9354676073894013E+01  51   0.12309205E+01   0.10000000E-02
  -0.1383552082488235E-03   0.1870929816863183E+02  51   0.24618340E+01   0.10000000E-02
  -0.6963144579098280E-04   0.9354666723925403E+01  52   0.12309193E+01   0.10000000E-02
  -0.1398708172574155E-03   0.1870926942458624E+02  52   0.24618302E+01   0.10000000E-02
  -0.6965313376307371E-04   0.9354660798709070E+01  53   0.12309185E+01   0.10000000E-02
  -0.1387642241097327E-03   0.1870925921395684E+02  53   0.24618288E+01   0.10000000E-02
  -0.6820025649211012E-04   0.9354657230211526E+01  54   0.12309181E+01   0.10000000E-02
  -0.1373744850179951E-03   0.1870924192965937E+02  54   0.24618266E+01   0.10000000E-02
  -0.6906347571282001E-04   0.9354644405474096E+01  55   0.12309164E+01   0.10000000E-02
  -0.1379200912079951E-03   0.1870919583695934E+02  55   0.24618205E+01   0.10000000E-02
  -0.6801633445430762E-04   0.9354630426977913E+01  56   0.12309145E+01   0.10000000E-02
  -0.1363313493223895E-03   0.1870916063597202E+02  56   0.24618159E+01   0.10000000E-02
  -0.6820291029557507E-04   0.9354624418603771E+01  57   0.12309137E+01   0.10000000E-02
  -0.1370633339819413E-03   0.1870914473742147E+02  57   0.24618138E+01   0.10000000E-02
  -0.6855071588900966E-04   0.9354612271081872E+01  58   0.12309121E+01   0.10000000E-02
  -0.1367210270439462E-03   0.1870911508553402E+02  58   0.24618099E+01   0.10000000E-02
  -0.6805491908098400E-04   0.9354598776028939E+01  59   0.12309104E+01   0.10000000E-02
  -0.1360559167791105E-03   0.1870908381122061E+02  59   0.24618058E+01   0.10000000E-02
  -0.6754510026581236E-04   0.9354589560010648E+01  60   0.12309092E+01   0.10000000E-02
  -0.1355680801823600E-03   0.1870904872392757E+02  60   0.24618011E+01   0.10000000E-02
  -0.6756989068368446E-04   0.9354579389487781E+01  61   0.12309078E+01   0.10000000E-02
  -0.1347982935028272E-03   0.1870903040370814E+02  61   0.24617987E+01   0.10000000E-02
  -0.6705876453253634E-04   0.9354565146873683E+01  62   0.12309059E+01   0.10000000E-02
  -0.1345365242074143E-03   0.1870898896035152E+02  62   0.24617933E+01   0.10000000E-02
  -0.6653023102751133E-04   0.9354548839194229E+01  63   0.12309038E+01   0.10000000E-02
  -0.1325272523914967E-03   0.1870895006431360E+02  63   0.24617882E+01   0.10000000E-02
  -0.6622902557689435E-04   0.9354544634744004E+01  64   0.12309032E+01   0.10000000E-02
  -0.1321444050874791E-03   0.1870892192491972E+02  64   0.24617845E+01   0.10000000E-02
  -0.6561548121122740E-04   0.9354520814994109E+01  65   0.12309001E+01   0.10000000E-02
  -0.1312287620293983E-03   0.1870887733940450E+02  65   0.24617786E+01   0.10000000E-02
  -0.6566296753214753E-04   0.9354512831244811E+01  66   0.12308991E+01   0.10000000E-02
  -0.1311905635736256E-03   0.1870885699267933E+02  66   0.24617759E+01   0.10000000E-02
  -0.6431929834217535E-04   0.9354497870354163E+01  67   0.12308971E+01   0.10000000E-02
  -0.1285585440708804E-03   0.1870881088911664E+02  67   0.24617699E+01   0.10000000E-02
  -0.6502984813924467E-04   0.9354485184477664E+01  68   0.12308954E+01   0.10000000E-02
  -0.1299339178404765E-03   0.1870877805827801E+02  68   0.24617655E+01   0.10000000E-02
  -0.6376721645717256E-04   0.9354474045817260E+01  69   0.12308940E+01   0.10000000E-02
  -0.1274952115856000E-03   0.1870874951691840E+02  69   0.24617618E+01   0.10000000E-02
  -0.6329388480521154E-04   0.9354454269615080E+01  70   0.12308914E+01   0.10000000E-02
  -0.1244718939072007E-03   0.1870870592097373E+02  70   0.24617560E+01   0.10000000E-02
  -0.5771475293906641E-04   0.9354450563440498E+01  71   0.12308909E+01   0.10000000E-02
  -0.1261358720597284E-03   0.1870867731252850E+02  71   0.24617523E+01   0.10000000E-02
  -0.6172985643651948E-04   0.9354431053574736E+01  72   0.12308883E+01   0.10000000E-02
  -0.1238509752809933E-03   0.1870863332042844E+02  72   0.24617465E+01   0.10000000E-02
  -0.6146333998704942E-04   0.9354415536848645E+01  73   0.12308863E+01   0.10000000E-02
  -0.1230354023139090E-03   0.1870860215824159E+02  73   0.24617424E+01   0.10000000E-02
  -0.6136580180250808E-04   0.9354403110238376E+01  74   0.12308846E+01   0.10000000E-02
  -0.1228669209758869E-03   0.1870856957410294E+02  74   0.24617381E+01   0.10000000E-02
  -0.6000446656427694E-04   0.9354397453358638E+01  75   0.12308839E+01   0.10000000E-02
  -0.1196232229535142E-03   0.1870854303411394E+02  75   0.24617346E+01   0.10000000E-02
  -0.5944536950955851E-04   0.9354374211805172E+01  76   0.12308808E+01   0.10000000E-02
  -0.1215269519987932E-03   0.1870848994952889E+02  76   0.24617276E+01   0.10000000E-02
  -0.5887460740487942E-04   0.9354369145049120E+01  77   0.12308801E+01   0.10000000E-02
  -0.1181914576556976E-03   0.1870848137213169E+02  77   0.24617265E+01   0.10000000E-02
  -0.5783434654325762E-04   0.9354353930780413E+01  78   0.12308781E+01   0.10000000E-02
  -0.1164514402742456E-03   0.1870844296112202E+02  78   0.24617214E+01   0.10000000E-02
  -0.5755836814898082E-04   0.9354340126516314E+01  79   0.12308763E+01   0.10000000E-02
  -0.1155715890625719E-03   0.1870840213066904E+02  79   0.24617161E+01   0.10000000E-02
  -0.5670122492515129E-04   0.9354324405860633E+01  80   0.12308743E+01   0.10000000E-02
  -0.1140860993567529E-03   0.1870836309787258E+02  80   0.24617109E+01   0.10000000E-02
  -0.5692304648091222E-04   0.9354325099943198E+01  81   0.12308744E+01   0.10000000E-02
  -0.1131801300514013E-03   0.1870836165113985E+02  81   0.24617107E+01   0.10000000E-02
  -0.5616790900977045E-04   0.9354308074110261E+01  82   0.12308721E+01   0.10000000E-02
  -0.1119550063910075E-03   0.1870832080093479E+02  82   0.24617054E+01   0.10000000E-02
  -0.5527642433967265E-04   0.9354294688545992E+01  83   0.12308704E+01   0.10000000E-02
  -0.1093252590358234E-03   0.1870828974875987E+02  83   0.24617013E+01   0.10000000E-02
  -0.5418111900045889E-04   0.9354294988508038E+01  84   0.12308704E+01   0.10000000E-02
  -0.1084659901042217E-03   0.1870828133681491E+02  84   0.24617002E+01   0.10000000E-02
  -0.5384205331936462E-04   0.9354278697425670E+01  85   0.12308682E+01   0.10000000E-02
  -0.1071720230759881E-03   0.1870824261795088E+02  85   0.24616951E+01   0.10000000E-02
  -0.5282956581931249E-04   0.9354273320934899E+01  86   0.12308675E+01   0.10000000E-02
  -0.1054101870245958E-03   0.1870822349426550E+02  86   0.24616926E+01   0.10000000E-02
  -0.5237987329112229E-04   0.9354260061853932E+01  87   0.12308658E+01   0.10000000E-02
  -0.1039553076948312E-03   0.1870819183653559E+02  87   0.24616884E+01   0.10000000E-02
  -0.5127608325757206E-04   0.9354258077386814E+01  88   0.12308655E+01   0.10000000E-02
  -0.1017163208809565E-03   0.1870818797431699E+02  88   0.24616879E+01   0.10000000E-02
  -0.5076504365014295E-04   0.9354251449839931E+01  89   0.12308647E+01   0.10000000E-02
  -0.1010941565763835E-03   0.1870816204721906E+02  89   0.24616845E+01   0.10000000E-02
  -0.4935482970607883E-04   0.9354244300476489E+01  90   0.12308637E+01   0.10000000E-02
  -0.9892505182877002E-04   0.1870813361822928E+02  90   0.24616807E+01   0.10000000E-02
  -0.3141641929148877E+01   0.9354242209465560E+01  91   0.12308634E+01   0.10000000E-02
  -0.3141690315635689E+01   0.1870813862907485E+02  91   0.24616814E+01   0.10000000E-02
  -0.3141639229839137E+01   0.9354234658185670E+01  92   0.12308625E+01   0.10000000E-02
  -0.3141688344949685E+01   0.1870810157700082E+02  92   0.24616765E+01   0.10000000E-02
  -0.3141641306969859E+01   0.9354234167750978E+01  93   0.12308624E+01   0.10000000E-02
  -0.3141686838364947E+01   0.1870810657793764E+02  93   0.24616772E+01   0.10000000E-02
  -0.3141638824981025E+01   0.9354235550391494E+01  94   0.12308626E+01   0.10000000E-02
  -0.3141684907201448E+01   0.1870810644853992E+02  94   0.24616772E+01   0.10000000E-02
  -0.3141637395813200E+01   0.9354238574334217E+01  95   0.12308630E+01   0.10000000E-02
  -0.3141682437838835E+01   0.1870809631674487E+02  95   0.24616758E+01   0.10000000E-02
  -0.3141636837826380E+01   0.9354235693945223E+01  96   0.12308626E+01   0.10000000E-02
  -0.3141681645838882E+01   0.1870808477026422E+02  96   0.24616743E+01   0.10000000E-02
  -0.3141635412353901E+01   0.9354237553420097E+01  97   0.12308628E+01   0.10000000E-02
  -0.3141678148517866E+01   0.1870808558934608E+02  97   0.24616744E+01   0.10000000E-02
  -0.3141634713234379E+01   0.9354233835204431E+01  98   0.12308623E+01   0.10000000E-02
  -0.3141676602616982E+01   0.1870807902911418E+02  98   0.24616736E+01   0.10000000E-02
  -0.3141633685428130E+01   0.9354236536169034E+01  99   0.12308627E+01   0.10000000E-02
  -0.3141677878931869E+01   0.1870806691211370E+02  99   0.24616720E+01   0.10000000E-02
  -0.3141633602595815E+01   0.9354240596460129E+01 100   0.12308632E+01   0.10000000E-02
  -0.3141673859901520E+01   0.1870808380633914E+02 100   0.24616742E+01   0.10000000E-02
  -0.3141632933043987E+01   0.9354241493635896E+01 101   0.12308634E+01   0.10000000E-02
  -0.3141671983803853E+01   0.1870807418860713E+02 101   0.24616729E+01   0.10000000E-02
  -0.3141631490945936E+01   0.9354255003987152E+01 102   0.12308651E+01   0.10000000E-02
  -0.3141669262625317E+01   0.1870809483199869E+02 102   0.24616756E+01   0.10000000E-02
  -0.3141629747327515E+01   0.9354255452962158E+01 103   0.12308652E+01   0.10000000E-02
  -0.3141667163549469E+01   0.1870809425976635E+02 103   0.24616756E+01   0.10000000E-02
  -0.3141628935789368E+01   0.9354268637037239E+01 104   0.12308669E+01   0.10000000E-02
  -0.3141664945239156E+01   0.1870811134532819E+02 104   0.24616778E+01   0.10000000E-02
  -0.3141625489562260E+01   0.9354278621203436E+01 105   0.12308682E+01   0.10000000E-02
  -0.3141662490724404E+01   0.1870813754831133E+02 105   0.24616813E+01   0.10000000E-02
  -0.3141627555842303E+01   0.9354282559695407E+01 106   0.12308688E+01   0.10000000E-02
  -0.3141660783900766E+01   0.1870813991032665E+02 106   0.24616816E+01   0.10000000E-02
  -0.3141625764646212E+01   0.9354296735438103E+01 107   0.12308706E+01   0.10000000E-02
  -0.3141659370740026E+01   0.1870815973612096E+02 107   0.24616842E+01   0.10000000E-02
  -0.3141623681366506E+01   0.9354311069238847E+01 108   0.12308725E+01   0.10000000E-02
  -0.3141655759481770E+01   0.1870818757755744E+02 108   0.24616878E+01   0.10000000E-02
  -0.3141623946434491E+01   0.9354319050289925E+01 109   0.12308736E+01   0.10000000E-02
  -0.3141654604051087E+01   0.1870820339791606E+02 109   0.24616899E+01   0.10000000E-02
  -0.3141622355986273E+01   0.9354336163816788E+01 110   0.12308758E+01   0.10000000E-02
  -0.2313327630867456E+01   0.0000000000000000E+00 110   0.00000000E+00   0.10000000E-02
  -0.3057696529546570E+01   0.0000000000000000E+00 111   0.00000000E+00   0.10000000E-02
  -0.3141650150539998E+01   0.1870825843394526E+02 111   0.24616972E+01   0.10000000E-02
  -0.3141619741164281E+01   0.9354363082502734E+01 112   0.12308794E+01   0.10000000E-02
  -0.3141646826354363E+01   0.1870826809427692E+02 112   0.24616984E+01   0.10000000E-02
  -0.3141618995360846E+01   0.9354384356159044E+01 113   0.12308822E+01   0.10000000E-02
  -0.3141645058557263E+01   0.1870831141386253E+02 113   0.24617041E+01   0.10000000E-02
  -0.3141618386328891E+01   0.9354394473789158E+01 114   0.12308835E+01   0.10000000E-02
  -0.3141644008608301E+01   0.1870832998044821E+02 114   0.24617066E+01   0.10000000E-02
  -0.3141617056736971E+01   0.9354413883886230E+01 115   0.12308860E+01   0.10000000E-02
  -0.3141641083503605E+01   0.1870836634966808E+02 115   0.24617114E+01   0.10000000E-02
  -0.3141615636189283E+01   0.9354431988517066E+01 116   0.12308884E+01   0.10000000E-02
  -0.3141638350769887E+01   0.1870840145325436E+02 116   0.24617160E+01   0.10000000E-02
  -0.3141613916424121E+01   0.9354458123654116E+01 117   0.12308919E+01   0.10000000E-02
  -0.3141635918038503E+01   0.1870845050383509E+02 117   0.24617224E+01   0.10000000E-02
  -0.3141612456093876E+01   0.9354478102980627E+01 118   0.12308945E+01   0.10000000E-02
  -0.3141633054259019E+01   0.1870848200730408E+02 118   0.24617266E+01   0.10000000E-02
  -0.3141612130837438E+01   0.9354501113947865E+01 119   0.12308975E+01   0.10000000E-02
  -0.3141630867676313E+01   0.1870852616040371E+02 119   0.24617324E+01   0.10000000E-02
  -0.3141610987408224E+01   0.9354521050299602E+01 120   0.12309001E+01   0.10000000E-02
  -0.3141628925447476E+01   0.1870857193390451E+02 120   0.24617384E+01   0.10000000E-02
  -0.3141610161825604E+01   0.9354539484070615E+01 121   0.12309026E+01   0.10000000E-02
  -0.3141627355895808E+01   0.1870860476138270E+02 121   0.24617427E+01   0.10000000E-02
  -0.3141608077708654E+01   0.9354566082613937E+01 122   0.12309061E+01   0.10000000E-02
  -0.3141624095348775E+01   0.1870865698942017E+02 122   0.24617496E+01   0.10000000E-02
  -0.3141607552066764E+01   0.9354592025180990E+01 123   0.12309095E+01   0.10000000E-02
  -0.3141621435876451E+01   0.1870870513789034E+02 123   0.24617559E+01   0.10000000E-02
  -0.3141605811347188E+01   0.9354620047443966E+01 124   0.12309132E+01   0.10000000E-02
  -0.3141619341758031E+01   0.1870875767790933E+02 124   0.24617629E+01   0.10000000E-02
  -0.3141604975023107E+01   0.9354646313857666E+01 125   0.12309166E+01   0.10000000E-02
  -0.3141616785590640E+01   0.1870880121482756E+02 125   0.24617686E+01   0.10000000E-02
  -0.3141603868998310E+01   0.9354666182342817E+01 126   0.12309192E+01   0.10000000E-02
  -0.3141614941595266E+01   0.1870884439579560E+02 126   0.24617743E+01   0.10000000E-02
  -0.3141602457533755E+01   0.9354700357615768E+01 127   0.12309237E+01   0.10000000E-02
  -0.3141612716827078E+01   0.1870892506809160E+02 127   0.24617849E+01   0.10000000E-02
  -0.3141600072088248E+01   0.9354727443484494E+01 128   0.12309273E+01   0.10000000E-02
  -0.3141608396516142E+01   0.1870896161524117E+02 128   0.24617897E+01   0.10000000E-02
  -0.3141599492903679E+01   0.9354754969129255E+01 129   0.12309309E+01   0.10000000E-02
  -0.3141606778407164E+01   0.1870902762751559E+02 129   0.24617984E+01   0.10000000E-02
  -0.3141598709810956E+01   0.9354784194029394E+01 130   0.12309348E+01   0.10000000E-02
  -0.3141605740038942E+01   0.1870907363186322E+02 130   0.24618044E+01   0.10000000E-02
  -0.3141597507361777E+01   0.9354812405845622E+01 131   0.12309385E+01   0.10000000E-02
  -0.3141602701262985E+01   0.1870913761613438E+02 131   0.24618128E+01   0.10000000E-02
  -0.3141596303134773E+01   0.9354836863255842E+01 132   0.12309417E+01   0.10000000E-02
  -0.3141599435102147E+01   0.1870918596228157E+02 132   0.24618192E+01   0.10000000E-02
  -0.3141595179491177E+01   0.9354869612933737E+01 133   0.12309460E+01   0.10000000E-02
  -0.3141598070995686E+01   0.1870924996886478E+02 133   0.24618276E+01   0.10000000E-02
  -0.3141593545605855E+01   0.9354899661755931E+01 134   0.12309500E+01   0.10000000E-02
  -0.3141595238186744E+01   0.1870930284309614E+02 134   0.24618346E+01   0.10000000E-02
  -0.3141592255446356E+01   0.9354924214867986E+01 135   0.12309532E+01   0.10000000E-02
  -0.3141591918091991E+01   0.1870936282012117E+02 135   0.24618425E+01   0.10000000E-02
  -0.2616017964681429E+01   0.0000000000000000E+00 136   0.00000000E+00   0.10000000E-02
  -0.3141589736585871E+01   0.1870941415971279E+02 136   0.24618492E+01   0.10000000E-02
  -0.3141590100701624E+01   0.9354978843432342E+01 137   0.12309604E+01   0.10000000E-02
  -0.3141588103957798E+01   0.1870946938775396E+02 137   0.24618565E+01   0.10000000E-02
  -0.3141589528725834E+01   0.9355010987769850E+01 138   0.12309646E+01   0.10000000E-02
  -0.3141585646583252E+01   0.1870953409499685E+02 138   0.24618650E+01   0.10000000E-02
  -0.3141588186997686E+01   0.9355040868109844E+01 139   0.12309685E+01   0.10000000E-02
  -0.3141583418778529E+01   0.1870958915386204E+02 139   0.24618723E+01   0.10000000E-02
  -0.3141586078229173E+01   0.9355073194108887E+01 140   0.12309728E+01   0.10000000E-02
  -0.3141579924645365E+01   0.1870966391515023E+02 140   0.24618821E+01   0.10000000E-02
  -0.3141585348925267E+01   0.9355097423353700E+01 141   0.12309760E+01   0.10000000E-02
  -0.3141578442562797E+01   0.1870971203946580E+02 141   0.24618884E+01   0.10000000E-02
  -0.3141584148182995E+01   0.9355126542054666E+01 142   0.12309798E+01   0.10000000E-02
  -0.3141575754767664E+01   0.1870976702760293E+02 142   0.24618957E+01   0.10000000E-02
  -0.3141583008318552E+01   0.9355162070630139E+01 143   0.12309845E+01   0.10000000E-02
  -0.3141573369294315E+01   0.1870983505504587E+02 143   0.24619046E+01   0.10000000E-02
  -0.3141581494554656E+01   0.9355187505902200E+01 144   0.12309878E+01   0.10000000E-02
  -0.3141570470736367E+01   0.1870989126315036E+02 144   0.24619120E+01   0.10000000E-02
  -0.3141580150551341E+01   0.9355209903680027E+01 145   0.12309908E+01   0.10000000E-02
  -0.3141568062608858E+01   0.1870993562997017E+02 145   0.24619178E+01   0.10000000E-02
  -0.3141575293110762E+01   0.9355237793385113E+01 146   0.12309944E+01   0.10000000E-02
  -0.3141566529119783E+01   0.1870999638633934E+02 146   0.24619258E+01   0.10000000E-02
  -0.3141578021967402E+01   0.9355265953832323E+01 147   0.12309982E+01   0.10000000E-02
  -0.3141564282471924E+01   0.1871004685801483E+02 147   0.24619325E+01   0.10000000E-02
  -0.3141576908593741E+01   0.9355299736394635E+01 148   0.12310026E+01   0.10000000E-02
  -0.3141560269833166E+01   0.1871012819707102E+02 148   0.24619432E+01   0.10000000E-02
  -0.3141576058964314E+01   0.9355321370916507E+01 149   0.12310054E+01   0.10000000E-02
  -0.3141558753612727E+01   0.1871016569728215E+02 149   0.24619481E+01   0.10000000E-02
  -0.3141575381297553E+01   0.9355338693727165E+01 150   0.12310077E+01   0.10000000E-02
  -0.3141557452330134E+01   0.1871020666294174E+02 150   0.24619535E+01   0.10000000E-02
  -0.3141573444938904E+01   0.9355365876123547E+01 151   0.12310113E+01   0.10000000E-02
  -0.3141554501803977E+01   0.1871025661630606E+02 151   0.24619601E+01   0.10000000E-02
  -0.3141572207906548E+01   0.9355400655744860E+01 152   0.12310159E+01   0.10000000E-02
  -0.3141552386069766E+01   0.1871033019754824E+02 152   0.24619698E+01   0.10000000E-02
  -0.3141570480803262E+01   0.9355423219368944E+01 153   0.12310188E+01   0.10000000E-02
  -0.3141548914728714E+01   0.1871037867912550E+02 153   0.24619761E+01   0.10000000E-02
  -0.3141569877314007E+01   0.9355442575703049E+01 154   0.12310214E+01   0.10000000E-02
  -0.3141546465673641E+01   0.1871042858785755E+02 154   0.24619827E+01   0.10000000E-02
  -0.3141568774059407E+01   0.9355462820687365E+01 155   0.12310241E+01   0.10000000E-02
  -0.3141544947810502E+01   0.1871046704430183E+02 155   0.24619878E+01   0.10000000E-02
  -0.3141567700618386E+01   0.9355484337170013E+01 156   0.12310269E+01   0.10000000E-02
  -0.3141541705964676E+01   0.1871051741081968E+02 156   0.24619944E+01   0.10000000E-02
  -0.3141566079580811E+01   0.9355503634562318E+01 157   0.12310294E+01   0.10000000E-02
  -0.3141539868414175E+01   0.1871055402957285E+02 157   0.24619992E+01   0.10000000E-02
  -0.3141564906170689E+01   0.9355527110632933E+01 158   0.12310325E+01   0.10000000E-02
  -0.3141537485110038E+01   0.1871060330268471E+02 158   0.24620057E+01   0.10000000E-02
  -0.2648233662545874E+01   0.0000000000000000E+00 159   0.00000000E+00   0.10000000E-02
  -0.3141536026709582E+01   0.1871065163566425E+02 159   0.24620121E+01   0.10000000E-02
  -0.3141561311139889E+01   0.9355563558854874E+01 160   0.12310373E+01   0.10000000E-02
  -0.3141532966250371E+01   0.1871067709099073E+02 160   0.24620154E+01   0.10000000E-02
  -0.3141561226076775E+01   0.9355585943648843E+01 161   0.12310403E+01   0.10000000E-02
  -0.3141530245780648E+01   0.1871073043736637E+02 161   0.24620224E+01   0.10000000E-02
  -0.3141560882830626E+01   0.9355596933796236E+01 162   0.12310417E+01   0.10000000E-02
  -0.3141528566171478E+01   0.1871075515284731E+02 162   0.24620257E+01   0.10000000E-02
  -0.3141559821352704E+01   0.9355609074878623E+01 163   0.12310433E+01   0.10000000E-02
  -0.3141526545924203E+01   0.1871078615101105E+02 163   0.24620298E+01   0.10000000E-02
  -0.3141558320666943E+01   0.9355621652887275E+01 164   0.12310450E+01   0.10000000E-02
  -0.3141524340562354E+01   0.1871081621062846E+02 164   0.24620337E+01   0.10000000E-02
  -0.3141557660449628E+01   0.9355638327733181E+01 165   0.12310472E+01   0.10000000E-02
  -0.3141522715723162E+01   0.1871085190762866E+02 165   0.24620384E+01   0.10000000E-02
  -0.3141555367873527E+01   0.9355652395474961E+01 166   0.12310490E+01   0.10000000E-02
  -0.3141520100721972E+01   0.1871088494380573E+02 166   0.24620428E+01   0.10000000E-02
  -0.3141555689846057E+01   0.9355668651563811E+01 167   0.12310511E+01   0.10000000E-02
  -0.3141518677364766E+01   0.1871092823642564E+02 167   0.24620485E+01   0.10000000E-02
  -0.3141554063464287E+01   0.9355675492438454E+01 168   0.12310520E+01   0.10000000E-02
  -0.3141515802721870E+01   0.1871094003904270E+02 168   0.24620500E+01   0.10000000E-02
  -0.3141553345924145E+01   0.9355688590227354E+01 169   0.12310538E+01   0.10000000E-02
  -0.3141513881260303E+01   0.1871097153669660E+02 169   0.24620542E+01   0.10000000E-02
  -0.2337525013147808E+01   0.0000000000000000E+00 170   0.00000000E+00   0.10000000E-02
  -0.3141511642067364E+01   0.1871098264475159E+02 170   0.24620556E+01   0.10000000E-02
  -0.3141551082816413E+01   0.9355706660293617E+01 171   0.12310561E+01   0.10000000E-02
  -0.3141508891793778E+01   0.1871101851467839E+02 171   0.24620603E+01   0.10000000E-02
  -0.3141550088579836E+01   0.9355713146901577E+01 172   0.12310570E+01   0.10000000E-02
  -0.3141507689515392E+01   0.1871103036756863E+02 172   0.24620619E+01   0.10000000E-02
  -0.3141549336091612E+01   0.9355721438469812E+01 173   0.12310581E+01   0.10000000E-02
  -0.3141504962957438E+01   0.1871105425915824E+02 173   0.24620650E+01   0.10000000E-02
  -0.3141548623193500E+01   0.9355728280656142E+01 174   0.12310590E+01   0.10000000E-02
  -0.3141504689751536E+01   0.1871107835457604E+02 174   0.24620682E+01   0.10000000E-02
  -0.3141547270923755E+01   0.9355737025806718E+01 175   0.12310601E+01   0.10000000E-02
  -0.3141502099414832E+01   0.1871110303016692E+02 175   0.24620715E+01   0.10000000E-02
  -0.3141546583103304E+01   0.9355733185496708E+01 176   0.12310596E+01   0.10000000E-02
  -0.3141500558254969E+01   0.1871109486689432E+02 176   0.24620704E+01   0.10000000E-02
  -0.3141545477377841E+01   0.9355742657655625E+01 177   0.12310609E+01   0.10000000E-02
  -0.3141498605483393E+01   0.1871112657601555E+02 177   0.24620746E+01   0.10000000E-02
  -0.3141544606503394E+01   0.9355745732822753E+01 178   0.12310613E+01   0.10000000E-02
  -0.4126088588794722E+01   0.0000000000000000E+00 178   0.00000000E+00   0.10000000E-02
  -0.3141543818484612E+01   0.9355748954933208E+01 179   0.12310617E+01   0.10000000E-02
  -0.1603375815203395E+01   0.0000000000000000E+00 179   0.00000000E+00   0.10000000E-02
  -0.3141543538418821E+01   0.9355745852821030E+01 180   0.12310613E+01   0.10000000E-02
  -0.3141493678810871E+01   0.1871114820788724E+02 180   0.24620774E+01   0.10000000E-02
  -0.3141542314853094E+01   0.9355749466829127E+01 181   0.12310618E+01   0.10000000E-02
  -0.3141491870204983E+01   0.1871116316505855E+02 181   0.24620794E+01   0.10000000E-02
  -0.3141541643089708E+01   0.9355749700635325E+01 182   0.12310618E+01   0.10000000E-02
  -0.3141491026258644E+01   0.1871115742156810E+02 182   0.24620786E+01   0.10000000E-02
  -0.3141540685220135E+01   0.9355746463938684E+01 183   0.12310614E+01   0.10000000E-02
  -0.3141488364697505E+01   0.1871117041700547E+02 183   0.24620803E+01   0.10000000E-02
  -0.3141539731457509E+01   0.9355751363223807E+01 184   0.12310620E+01   0.10000000E-02
  -0.3141487449528474E+01   0.1871118535327254E+02 184   0.24620823E+01   0.10000000E-02
  -0.3141539124881065E+01   0.9355743190274544E+01 185   0.12310610E+01   0.10000000E-02
  -0.3141485239217726E+01   0.1871116681746228E+02 185   0.24620799E+01   0.10000000E-02
  -0.3141538225188443E+01   0.9355746287280887E+01 186   0.12310614E+01   0.10000000E-02
  -0.3141484449818980E+01   0.1871118174857544E+02 186   0.24620818E+01   0.10000000E-02
  -0.3141538674845508E+01   0.9355736790370919E+01 187   0.12310601E+01   0.10000000E-02
  -0.3141483351975395E+01   0.1871117946073532E+02 187   0.24620815E+01   0.10000000E-02
  -0.3141537763773245E+01   0.9355732512447848E+01 188   0.12310595E+01   0.10000000E-02
  -0.3141482219866690E+01   0.1871117325300942E+02 188   0.24620807E+01   0.10000000E-02
  -0.3141535706046216E+01   0.9355733009405716E+01 189   0.12310596E+01   0.10000000E-02
  -0.3141455293528182E+01   0.1871118991995882E+02 189   0.24620829E+01   0.10000000E-02
  -0.3141535465813168E+01   0.9355727970071461E+01 190   0.12310589E+01   0.10000000E-02
  -0.3141478270218374E+01   0.1871117213343683E+02 190   0.24620806E+01   0.10000000E-02
  -0.3141532859130945E+01   0.9355728279606596E+01 191   0.12310590E+01   0.10000000E-02
  -0.3141476891423176E+01   0.1871118348500370E+02 191   0.24620820E+01   0.10000000E-02
  -0.3814976639104116E+01   0.0000000000000000E+00 192   0.00000000E+00   0.10000000E-02
  -0.3141475187957729E+01   0.1871117621023679E+02 192   0.24620811E+01   0.10000000E-02
  -0.3141533693615488E+01   0.9355712988158153E+01 193   0.12310570E+01   0.10000000E-02
  -0.3141475135914527E+01   0.1871115856212734E+02 193   0.24620788E+01   0.10000000E-02
  -0.3141532453220147E+01   0.9355710231936841E+01 194   0.12310566E+01   0.10000000E-02
  -0.3141473274609016E+01   0.1871116531448038E+02 194   0.24620797E+01   0.10000000E-02
  -0.3141532056577036E+01   0.9355705366890603E+01 195   0.12310560E+01   0.10000000E-02
  -0.3141471059868811E+01   0.1871116271027783E+02 195   0.24620793E+01   0.10000000E-02
  -0.3141532355689031E+01   0.9355697023039598E+01 196   0.12310549E+01   0.10000000E-02
  -0.3141472089609129E+01   0.1871115256415118E+02 196   0.24620780E+01   0.10000000E-02
  -0.3141531219908650E+01   0.9355694807753675E+01 197   0.12310546E+01   0.10000000E-02
  -0.3141469108945820E+01   0.1871115409694162E+02 197   0.24620782E+01   0.10000000E-02
  -0.3141529712373893E+01   0.9355692719707364E+01 198   0.12310543E+01   0.10000000E-02
  -0.3141467319341744E+01   0.1871115919032970E+02 198   0.24620789E+01   0.10000000E-02
  -0.3141529879450208E+01   0.9355679209401090E+01 199   0.12310525E+01   0.10000000E-02
  -0.3141466809301790E+01   0.1871114523577495E+02 199   0.24620770E+01   0.10000000E-02
  -0.3141529761422885E+01   0.9355673989225824E+01 200   0.12310518E+01   0.10000000E-02
  -0.3141466895377187E+01   0.1871114010342517E+02 200   0.24620763E+01   0.10000000E-02
  -0.3141529043826940E+01   0.9355668900629207E+01 201   0.12310512E+01   0.10000000E-02
  -0.3141465376522873E+01   0.1871113874418278E+02 201   0.24620762E+01   0.10000000E-02
  -0.3141528389425379E+01   0.9355662545052103E+01 202   0.12310503E+01   0.10000000E-02
  -0.3141464174195452E+01   0.1871113473516051E+02 202   0.24620756E+01   0.10000000E-02
  -0.3141528012065256E+01   0.9355656206182776E+01 203   0.12310495E+01   0.10000000E-02
  -0.3141463925036201E+01   0.1871112721223500E+02 203   0.24620746E+01   0.10000000E-02
  -0.3141527397680383E+01   0.9355649275042164E+01 204   0.12310486E+01   0.10000000E-02
  -0.3141462342997915E+01   0.1871112045108741E+02 204   0.24620738E+01   0.10000000E-02
  -0.3141527249236566E+01   0.9355646188450862E+01 205   0.12310482E+01   0.10000000E-02
  -0.3141461795559190E+01   0.1871112402196152E+02 205   0.24620742E+01   0.10000000E-02
  -0.3141526498957058E+01   0.9355638794382443E+01 206   0.12310472E+01   0.10000000E-02
  -0.3141460423154929E+01   0.1871111427641236E+02 206   0.24620729E+01   0.10000000E-02
  -0.3141526725556167E+01   0.9355637528216711E+01 207   0.12310470E+01   0.10000000E-02
  -0.3141460094364975E+01   0.1871112676368201E+02 207   0.24620746E+01   0.10000000E-02
  -0.3141526170300299E+01   0.9355628582936631E+01 208   0.12310459E+01   0.10000000E-02
  -0.3141459106375758E+01   0.1871112159986545E+02 208   0.24620739E+01   0.10000000E-02
  -0.3141525566645835E+01   0.9355631620531372E+01 209   0.12310463E+01   0.10000000E-02
  -0.3141458524153301E+01   0.1871113181991214E+02 209   0.24620752E+01   0.10000000E-02
  -0.3141525439732347E+01   0.9355621762464582E+01 210   0.12310450E+01   0.10000000E-02
  -0.3141457591136471E+01   0.1871111461801037E+02 210   0.24620730E+01   0.10000000E-02
  -0.3141524890778464E+01   0.9355620406305081E+01 211   0.12310448E+01   0.10000000E-02
  -0.3141457387844951E+01   0.1871111795607503E+02 211   0.24620734E+01   0.10000000E-02
  -0.3141524690858553E+01   0.9355617848650045E+01 212   0.12310445E+01   0.10000000E-02
  -0.3973533682307370E+01   0.0000000000000000E+00 212   0.00000000E+00   0.10000000E-02
  -0.3141524231619771E+01   0.9355613938914898E+01 213   0.12310439E+01   0.10000000E-02
  -0.3141455495224118E+01   0.1871112780761055E+02 213   0.24620747E+01   0.10000000E-02
  -0.3141524071818037E+01   0.9355613421074354E+01 214   0.12310439E+01   0.10000000E-02
  -0.3141455080247455E+01   0.1871113665802914E+02 214   0.24620759E+01   0.10000000E-02
  -0.3141523566319023E+01   0.9355615512965056E+01 215   0.12310442E+01   0.10000000E-02
  -0.3141454240978688E+01   0.1871114305981794E+02 215   0.24620767E+01   0.10000000E-02
  -0.3141522876694105E+01   0.9355614721499403E+01 216   0.12310440E+01   0.10000000E-02
  -0.3141454150796537E+01   0.1871116104211254E+02 216   0.24620791E+01   0.10000000E-02
  -0.3141523485125448E+01   0.9355607603111989E+01 217   0.12310431E+01   0.10000000E-02
  -0.3141454383432266E+01   0.1871114672824561E+02 217   0.24620772E+01   0.10000000E-02
  -0.3141523703344451E+01   0.9355608449813584E+01 218   0.12310432E+01   0.10000000E-02
  -0.3141453421626158E+01   0.1871115956178622E+02 218   0.24620789E+01   0.10000000E-02
  -0.3141523577668362E+01   0.9355608311783737E+01 219   0.12310432E+01   0.10000000E-02
  -0.3141453775319285E+01   0.1871116120394043E+02 219   0.24620791E+01   0.10000000E-02
  -0.3141523054361538E+01   0.9355616611235796E+01 220   0.12310443E+01   0.10000000E-02
  -0.3141453392551108E+01   0.1871119163551686E+02 220   0.24620831E+01   0.10000000E-02
  -0.3141522540878401E+01   0.9355615559292994E+01 221   0.12310442E+01   0.10000000E-02
  -0.3141453043874746E+01   0.1871119235525348E+02 221   0.24620832E+01   0.10000000E-02
  -0.3141522840761441E+01   0.9355618395145030E+01 222   0.12310445E+01   0.10000000E-02
  -0.3141452757137340E+01   0.1871121497767517E+02 222   0.24620862E+01   0.10000000E-02
  -0.3141522824635203E+01   0.9355619258601384E+01 223   0.12310446E+01   0.10000000E-02
  -0.3141452935434422E+01   0.1871122378245006E+02 223   0.24620873E+01   0.10000000E-02
  -0.3141523397251124E+01   0.9355618620375425E+01 224   0.12310446E+01   0.10000000E-02
  -0.3141453446341914E+01   0.1871123353503482E+02 224   0.24620886E+01   0.10000000E-02
  -0.3141522652409459E+01   0.9355623478331147E+01 225   0.12310452E+01   0.10000000E-02
  -0.3141451916221966E+01   0.1871124613558652E+02 225   0.24620903E+01   0.10000000E-02
  -0.3141522259683138E+01   0.9355629903948767E+01 226   0.12310460E+01   0.10000000E-02
  -0.3141452491431814E+01   0.1871126215728636E+02 226   0.24620924E+01   0.10000000E-02
  -0.3141523117638124E+01   0.9355635189150319E+01 227   0.12310467E+01   0.10000000E-02
  -0.3141453296410103E+01   0.1871128584176739E+02 227   0.24620955E+01   0.10000000E-02
  -0.3141522416532656E+01   0.9355645906005431E+01 228   0.12310482E+01   0.10000000E-02
  -0.3141452370583716E+01   0.1871131790011415E+02 228   0.24620997E+01   0.10000000E-02
  -0.3141522972694947E+01   0.9355649313096729E+01 229   0.12310486E+01   0.10000000E-02
  -0.3141453429028710E+01   0.1871132421704901E+02 229   0.24621006E+01   0.10000000E-02
  -0.3141522713429454E+01   0.9355654279572802E+01 230   0.12310493E+01   0.10000000E-02
  -0.3141453160648333E+01   0.1871134378988309E+02 230   0.24621031E+01   0.10000000E-02
  -0.3141522967438954E+01   0.9355664424840203E+01 231   0.12310506E+01   0.10000000E-02
  -0.3141453424509793E+01   0.1871137597967531E+02 231   0.24621074E+01   0.10000000E-02
  -0.3141522735131626E+01   0.9355673978198107E+01 232   0.12310518E+01   0.10000000E-02
  -0.3141453566367345E+01   0.1871141091639429E+02 232   0.24621120E+01   0.10000000E-02
  -0.3141523177330754E+01   0.9355680827714661E+01 233   0.12310527E+01   0.10000000E-02
  -0.3141454109218152E+01   0.1871143051811284E+02 233   0.24621146E+01   0.10000000E-02
  -0.3141523987652777E+01   0.9355686685429897E+01 234   0.12310535E+01   0.10000000E-02
  -0.3141454627853168E+01   0.1871145672130938E+02 234   0.24621180E+01   0.10000000E-02
  -0.3141523717685438E+01   0.9355702233829568E+01 235   0.12310556E+01   0.10000000E-02
  -0.3141454545197909E+01   0.1871149565264031E+02 235   0.24621231E+01   0.10000000E-02
  -0.3984402260887805E+01   0.0000000000000000E+00 236   0.00000000E+00   0.10000000E-02
  -0.3141456138175226E+01   0.1871151292444804E+02 236   0.24621254E+01   0.10000000E-02
  -0.3141523890008966E+01   0.9355717394988763E+01 237   0.12310576E+01   0.10000000E-02
  -0.3141454820883134E+01   0.1871153833383499E+02 237   0.24621287E+01   0.10000000E-02
  -0.3141524345024656E+01   0.9355732455692253E+01 238   0.12310595E+01   0.10000000E-02
  -0.3141456220573354E+01   0.1871156703475228E+02 238   0.24621325E+01   0.10000000E-02
  -0.3141525376145768E+01   0.9355744181785351E+01 239   0.12310611E+01   0.10000000E-02
  -0.3141456938107342E+01   0.1871161598657679E+02 239   0.24621390E+01   0.10000000E-02
  -0.3141525221088177E+01   0.9355754420223663E+01 240   0.12310624E+01   0.10000000E-02
  -0.3141456503003094E+01   0.1871164315837295E+02 240   0.24621425E+01   0.10000000E-02
  -0.2929320427358858E+01   0.0000000000000000E+00 241   0.00000000E+00   0.10000000E-02
  -0.3141457896958707E+01   0.1871166414177647E+02 241   0.24621453E+01   0.10000000E-02
  -0.3141524924047869E+01   0.9355777809563668E+01 242   0.12310655E+01   0.10000000E-02
  -0.3141457853248541E+01   0.1871169978366748E+02 242   0.24621500E+01   0.10000000E-02
  -0.3141526248303883E+01   0.9355789613485477E+01 243   0.12310671E+01   0.10000000E-02
  -0.3141459840267582E+01   0.1871173131867456E+02 243   0.24621541E+01   0.10000000E-02
  -0.3141526711787912E+01   0.9355804245983975E+01 244   0.12310690E+01   0.10000000E-02
  -0.3141459473148233E+01   0.1871177423357496E+02 244   0.24621598E+01   0.10000000E-02
  -0.3141527004307319E+01   0.9355815414337002E+01 245   0.12310705E+01   0.10000000E-02
  -0.3141460909712974E+01   0.1871180000519916E+02 245   0.24621632E+01   0.10000000E-02
  -0.3141526956988742E+01   0.9355831122812233E+01 246   0.12310725E+01   0.10000000E-02
  -0.3141460868067339E+01   0.1871184090763964E+02 246   0.24621686E+01   0.10000000E-02
  -0.3141527194773366E+01   0.9355845980950628E+01 247   0.12310745E+01   0.10000000E-02
  -0.3141462397421346E+01   0.1871188233940938E+02 247   0.24621740E+01   0.10000000E-02
  -0.3141528079201101E+01   0.9355857731651166E+01 248   0.12310760E+01   0.10000000E-02
  -0.3141463706877664E+01   0.1871190709276064E+02 248   0.24621773E+01   0.10000000E-02
  -0.3141528420813353E+01   0.9355872947471312E+01 249   0.12310780E+01   0.10000000E-02
  -0.3141463549593558E+01   0.1871194089053140E+02 249   0.24621817E+01   0.10000000E-02
  -0.3141529440335837E+01   0.9355882116014311E+01 250   0.12310792E+01   0.10000000E-02
  -0.3141466184194286E+01   0.1871197432275222E+02 250   0.24621861E+01   0.10000000E-02
  -0.3141529786242202E+01   0.9355894900829180E+01 251   0.12310809E+01   0.10000000E-02
  -0.3141466188278981E+01   0.1871200450574685E+02 251   0.24621901E+01   0.10000000E-02
  -0.3456785807040804E+01   0.0000000000000000E+00 252   0.00000000E+00   0.10000000E-02
  -0.3141467547524211E+01   0.1871203734155131E+02 252   0.24621944E+01   0.10000000E-02
  -0.3141530812175722E+01   0.9355923487580543E+01 253   0.12310847E+01   0.10000000E-02
  -0.3141467799010634E+01   0.1871207840270428E+02 253   0.24621998E+01   0.10000000E-02
  -0.3141530794175528E+01   0.9355934633318894E+01 254   0.12310861E+01   0.10000000E-02
  -0.3141469863595972E+01   0.1871210709575863E+02 254   0.24622036E+01   0.10000000E-02
  -0.3141532059738478E+01   0.9355953314365854E+01 255   0.12310886E+01   0.10000000E-02
  -0.3141470922255186E+01   0.1871215560820417E+02 255   0.24622100E+01   0.10000000E-02
  -0.3141532959386856E+01   0.9355961137554798E+01 256   0.12310896E+01   0.10000000E-02
  -0.3141473045330206E+01   0.1871217361773249E+02 256   0.24622123E+01   0.10000000E-02
  -0.3141533060848002E+01   0.9355978105750348E+01 257   0.12310919E+01   0.10000000E-02
  -0.3141472875333264E+01   0.1871221900959031E+02 257   0.24622183E+01   0.10000000E-02
  -0.3141533812046768E+01   0.9355985227070778E+01 258   0.12310928E+01   0.10000000E-02
  -0.3141475209399176E+01   0.1871223995874124E+02 258   0.24622211E+01   0.10000000E-02
  -0.3141534527649269E+01   0.9355999813094616E+01 259   0.12310947E+01   0.10000000E-02
  -0.3141476552662968E+01   0.1871227501054046E+02 259   0.24622257E+01   0.10000000E-02
  -0.3141534890793973E+01   0.9356010348787680E+01 260   0.12310961E+01   0.10000000E-02
  -0.3141477800071746E+01   0.1871230675803246E+02 260   0.24622299E+01   0.10000000E-02
  -0.5183440777294036E+01   0.0000000000000000E+00 261   0.00000000E+00   0.10000000E-02
  -0.3141479406574079E+01   0.1871232562735486E+02 261   0.24622323E+01   0.10000000E-02
  -0.3141536743895771E+01   0.9356035241332643E+01 262   0.12310994E+01   0.10000000E-02
  -0.3141480101483363E+01   0.1871235934357489E+02 262   0.24622368E+01   0.10000000E-02
  -0.3141536954855909E+01   0.9356040288597399E+01 263   0.12311000E+01   0.10000000E-02
  -0.5037266572758809E+01   0.0000000000000000E+00 263   0.00000000E+00   0.10000000E-02
  -0.3141538353512246E+01   0.9356055142090201E+01 264   0.12311020E+01   0.10000000E-02
  -0.3141484381771745E+01   0.1871241662086831E+02 264   0.24622443E+01   0.10000000E-02
  -0.3141539192648278E+01   0.9356060037784651E+01 265   0.12311026E+01   0.10000000E-02
  -0.3141485477880212E+01   0.1871243437637559E+02 265   0.24622466E+01   0.10000000E-02
  -0.3141539909120648E+01   0.9356067823345410E+01 266   0.12311037E+01   0.10000000E-02
  -0.3141486635520562E+01   0.1871245403364541E+02 266   0.24622492E+01   0.10000000E-02
  -0.3141540441850168E+01   0.9356076671067849E+01 267   0.12311048E+01   0.10000000E-02
  -0.3141488463317108E+01   0.1871247859554729E+02 267   0.24622525E+01   0.10000000E-02
  -0.3141541331953394E+01   0.9356087291447555E+01 268   0.12311062E+01   0.10000000E-02
  -0.3141489988554194E+01   0.1871251512244119E+02 268   0.24622573E+01   0.10000000E-02
  -0.3141542112820541E+01   0.9356092671313027E+01 269   0.12311069E+01   0.10000000E-02
  -0.3141491242114782E+01   0.1871252613227462E+02 269   0.24622587E+01   0.10000000E-02
  -0.6283135645379734E+01   0.9356094792985890E+01 270   0.12311072E+01   0.10000000E-02
  -0.6283085798173205E+01   0.1871253643494035E+02 270   0.24622601E+01   0.10000000E-02
  -0.6283137009673508E+01   0.9356096181485825E+01 271   0.12311074E+01   0.10000000E-02
  -0.6283088727030391E+01   0.1871255004756647E+02 271   0.24622619E+01   0.10000000E-02
  -0.6283137568923574E+01   0.9356101975689057E+01 272   0.12311082E+01   0.10000000E-02
  -0.6283089227883252E+01   0.1871256495143115E+02 272   0.24622638E+01   0.10000000E-02
  -0.6283138321545344E+01   0.9356111801461233E+01 273   0.12311095E+01   0.10000000E-02
  -0.6283092293142300E+01   0.1871258924719863E+02 273   0.24622670E+01   0.10000000E-02
  -0.6283139382276543E+01   0.9356105657347449E+01 274   0.12311086E+01   0.10000000E-02
  -0.6283092919414695E+01   0.1871257801129629E+02 274   0.24622655E+01   0.10000000E-02
  -0.6283140710111692E+01   0.9356109052776398E+01 275   0.12311091E+01   0.10000000E-02
  -0.6283096033521027E+01   0.1871259405491308E+02 275   0.24622677E+01   0.10000000E-02
  -0.6283141270509955E+01   0.9356105642411927E+01 276   0.12311086E+01   0.10000000E-02
  -0.6283097253904243E+01   0.1871259151840979E+02 276   0.24622673E+01   0.10000000E-02
  -0.6283142068321200E+01   0.9356108708547221E+01 277   0.12311090E+01   0.10000000E-02
  -0.6283099257817191E+01   0.1871259821309281E+02 277   0.24622682E+01   0.10000000E-02
  -0.6283143118269246E+01   0.9356105590541178E+01 278   0.12311086E+01   0.10000000E-02
  -0.6283101879848985E+01   0.1871259881306579E+02 278   0.24622683E+01   0.10000000E-02
  -0.6283144224725415E+01   0.9356102654573319E+01 279   0.12311083E+01   0.10000000E-02
  -0.6283103353051796E+01   0.1871260211907140E+02 279   0.24622687E+01   0.10000000E-02
  -0.6283145367305776E+01   0.9356095706627919E+01 280   0.12311073E+01   0.10000000E-02
  -0.6283104831318141E+01   0.1871258612929732E+02 280   0.24622666E+01   0.10000000E-02
  -0.6283146421331402E+01   0.9356089785942662E+01 281   0.12311066E+01   0.10000000E-02
  -0.6283107906972714E+01   0.1871258494271963E+02 281   0.24622665E+01   0.10000000E-02
  -0.6283149763486857E+01   0.9356087812639994E+01 282   0.12311063E+01   0.10000000E-02
  -0.6283109281299851E+01   0.1871258696021008E+02 282   0.24622667E+01   0.10000000E-02
  -0.6283148797077491E+01   0.9356080810919827E+01 283   0.12311054E+01   0.10000000E-02
  -0.6283111942789541E+01   0.1871257150722338E+02 283   0.24622647E+01   0.10000000E-02
  -0.6283149020749836E+01   0.9356076168239505E+01 284   0.12311048E+01   0.10000000E-02
  -0.6283113084767061E+01   0.1871256807522675E+02 284   0.24622642E+01   0.10000000E-02
  -0.6283149832878279E+01   0.9356064762269021E+01 285   0.12311033E+01   0.10000000E-02
  -0.6283114796988416E+01   0.1871255796447171E+02 285   0.24622629E+01   0.10000000E-02
  -0.6283151521589929E+01   0.9356054080904231E+01 286   0.12311019E+01   0.10000000E-02
  -0.6283117534230927E+01   0.1871253296273877E+02 286   0.24622596E+01   0.10000000E-02
  -0.6283152538714184E+01   0.9356037666577646E+01 287   0.12310997E+01   0.10000000E-02
  -0.6283120705554328E+01   0.1871250334721384E+02 287   0.24622557E+01   0.10000000E-02
  -0.6283153208941713E+01   0.9356037572813165E+01 288   0.12310997E+01   0.10000000E-02
  -0.6283121837769427E+01   0.1871250708363164E+02 288   0.24622562E+01   0.10000000E-02
  -0.6283155174303407E+01   0.9356017564258620E+01 289   0.12310971E+01   0.10000000E-02
  -0.6283124367823609E+01   0.1871247958574085E+02 289   0.24622526E+01   0.10000000E-02
  -0.6283155535092497E+01   0.9356006144211291E+01 290   0.12310956E+01   0.10000000E-02
  -0.6283126084004576E+01   0.1871244942898919E+02 290   0.24622486E+01   0.10000000E-02
  -0.3988005757470135E+01   0.0000000000000000E+00 291   0.00000000E+00   0.10000000E-02
  -0.6283128046526919E+01   0.1871240580804458E+02 291   0.24622429E+01   0.10000000E-02
  -0.4454133706577738E+01   0.0000000000000000E+00 292   0.00000000E+00   0.10000000E-02
  -0.6283129993928440E+01   0.1871239167980032E+02 292   0.24622410E+01   0.10000000E-02
  -0.6283159578606325E+01   0.9355951237724430E+01 293   0.12310883E+01   0.10000000E-02
  -0.6283133291629929E+01   0.1871235303736835E+02 293   0.24622359E+01   0.10000000E-02
  -0.6283159799375725E+01   0.9355944001745861E+01 294   0.12310874E+01   0.10000000E-02
  -0.6283135467884763E+01   0.1871233724454231E+02 294   0.24622339E+01   0.10000000E-02
  -0.6283160605436465E+01   0.9355926207904960E+01 295   0.12310850E+01   0.10000000E-02
  -0.6283136927263186E+01   0.1871230470888178E+02 295   0.24622296E+01   0.10000000E-02
  -0.6283162959171959E+01   0.9355900154133060E+01 296   0.12310816E+01   0.10000000E-02
  -0.6283140920642497E+01   0.1871225887005660E+02 296   0.24622235E+01   0.10000000E-02
  -0.6283163834549130E+01   0.9355882938824487E+01 297   0.12310793E+01   0.10000000E-02
  -0.6283142728234726E+01   0.1871222616317726E+02 297   0.24622192E+01   0.10000000E-02
  -0.6283165001407100E+01   0.9355856964476964E+01 298   0.12310759E+01   0.10000000E-02
  -0.6283144194285266E+01   0.1871218645558945E+02 298   0.24622140E+01   0.10000000E-02
  -0.6283166182874615E+01   0.9355835743761095E+01 299   0.12310731E+01   0.10000000E-02
  -0.6122654823635333E+01   0.0000000000000000E+00 299   0.00000000E+00   0.10000000E-02
  -0.6283166929939212E+01   0.9355813745528812E+01 300   0.12310702E+01   0.10000000E-02
  -0.6283149778884727E+01   0.1871210010245775E+02 300   0.24622027E+01   0.10000000E-02
  -0.6283168424467367E+01   0.9355791991175725E+01 301   0.12310674E+01   0.10000000E-02
  -0.6283151753331635E+01   0.1871206081388248E+02 301   0.24621975E+01   0.10000000E-02
  -0.6283168931018034E+01   0.9355770428858937E+01 302   0.12310645E+01   0.10000000E-02
  -0.6283153632971024E+01   0.1871201746360580E+02 302   0.24621918E+01   0.10000000E-02
  -0.6283171460735933E+01   0.9355742615879146E+01 303   0.12310609E+01   0.10000000E-02
  -0.6283156927027000E+01   0.1871196826741426E+02 303   0.24621853E+01   0.10000000E-02
  -0.6283171640822632E+01   0.9355723269376959E+01 304   0.12310583E+01   0.10000000E-02
  -0.6283158552674233E+01   0.1871192697322009E+02 304   0.24621799E+01   0.10000000E-02
  -0.6283173746116192E+01   0.9355694762009571E+01 305   0.12310546E+01   0.10000000E-02
  -0.6283161590698332E+01   0.1871186763764094E+02 305   0.24621721E+01   0.10000000E-02
  -0.6283174505777328E+01   0.9355663679198804E+01 306   0.12310505E+01   0.10000000E-02
  -0.6283164258649889E+01   0.1871180235668357E+02 306   0.24621635E+01   0.10000000E-02
  -0.6283175590055861E+01   0.9355637622769960E+01 307   0.12310471E+01   0.10000000E-02
  -0.6283165663545648E+01   0.1871175471845694E+02 307   0.24621572E+01   0.10000000E-02
  -0.6283177095162744E+01   0.9355614896578054E+01 308   0.12310441E+01   0.10000000E-02
  -0.6283168773904296E+01   0.1871171561831252E+02 308   0.24621521E+01   0.10000000E-02
  -0.6283178054535660E+01   0.9355587611936759E+01 309   0.12310405E+01   0.10000000E-02
  -0.6283169265860465E+01   0.1871166075768653E+02 309   0.24621448E+01   0.10000000E-02
  -0.6283179885630733E+01   0.9355557119239616E+01 310   0.12310365E+01   0.10000000E-02
  -0.6283174025389136E+01   0.1871160459130401E+02 310   0.24621375E+01   0.10000000E-02
  -0.6283180201775941E+01   0.9355532020322699E+01 311   0.12310332E+01   0.10000000E-02
  -0.6283175473544955E+01   0.1871155336077630E+02 311   0.24621307E+01   0.10000000E-02
  -0.6283181782005398E+01   0.9355503194097309E+01 312   0.12310294E+01   0.10000000E-02
  -0.6283178387291882E+01   0.1871149221804113E+02 312   0.24621227E+01   0.10000000E-02
  -0.6283182541870069E+01   0.9355470124550628E+01 313   0.12310250E+01   0.10000000E-02
  -0.6283179766664382E+01   0.1871142801865481E+02 313   0.24621142E+01   0.10000000E-02
  -0.6283184039545876E+01   0.9355443161725844E+01 314   0.12310215E+01   0.10000000E-02
  -0.6283182338130159E+01   0.1871137753083367E+02 314   0.24621076E+01   0.10000000E-02
  -0.6283185356546142E+01   0.9355409669379083E+01 315   0.12310171E+01   0.10000000E-02
  -0.6283184949830702E+01   0.1871130596613509E+02 315   0.24620982E+01   0.10000000E-02
  -0.6283186828903401E+01   0.9355383197892421E+01 316   0.12310136E+01   0.10000000E-02
  -0.6283187811169930E+01   0.1871126183280485E+02 316   0.24620924E+01   0.10000000E-02
  -0.6283187457178647E+01   0.9355357633282668E+01 317   0.12310102E+01   0.10000000E-02
  -0.6283190059686433E+01   0.1871120405567566E+02 317   0.24620848E+01   0.10000000E-02
  -0.6283189656216193E+01   0.9355324675631001E+01 318   0.12310059E+01   0.10000000E-02
  -0.6283193289021526E+01   0.1871113250671653E+02 318   0.24620753E+01   0.10000000E-02
  -0.6283190598523231E+01   0.9355295337575868E+01 319   0.12310020E+01   0.10000000E-02
  -0.6283195618452470E+01   0.1871107574850178E+02 319   0.24620679E+01   0.10000000E-02
  -0.6283191646766540E+01   0.9355268770002420E+01 320   0.12309985E+01   0.10000000E-02
  -0.6283197698217196E+01   0.1871102270374480E+02 320   0.24620609E+01   0.10000000E-02
  -0.6283192815014411E+01   0.9355242605810505E+01 321   0.12309951E+01   0.10000000E-02
  -0.6283200096602667E+01   0.1871097022829010E+02 321   0.24620540E+01   0.10000000E-02
  -0.6283194185847634E+01   0.9355205160995462E+01 322   0.12309902E+01   0.10000000E-02
  -0.6283202629595871E+01   0.1871089705154879E+02 322   0.24620444E+01   0.10000000E-02
  -0.6283195032513547E+01   0.9355185098444650E+01 323   0.12309875E+01   0.10000000E-02
  -0.6283204370783746E+01   0.1871085214915548E+02 323   0.24620384E+01   0.10000000E-02
  -0.6283195404642321E+01   0.9355163804838004E+01 324   0.12309847E+01   0.10000000E-02
  -0.6283206896937270E+01   0.1871080783362751E+02 324   0.24620326E+01   0.10000000E-02
  -0.6283197293349538E+01   0.9355132619323332E+01 325   0.12309806E+01   0.10000000E-02
  -0.6283209963517572E+01   0.1871074610464294E+02 325   0.24620245E+01   0.10000000E-02
  -0.6283198678152990E+01   0.9355099370121411E+01 326   0.12309762E+01   0.10000000E-02
  -0.6283212444240351E+01   0.1871067965189634E+02 326   0.24620158E+01   0.10000000E-02
  -0.6283199823292002E+01   0.9355072557810198E+01 327   0.12309727E+01   0.10000000E-02
  -0.6283214461657523E+01   0.1871062360057395E+02 327   0.24620084E+01   0.10000000E-02
  -0.6283201065368881E+01   0.9355049383410912E+01 328   0.12309697E+01   0.10000000E-02
  -0.6283216031899195E+01   0.1871057234680808E+02 328   0.24620016E+01   0.10000000E-02
  -0.6283202049426938E+01   0.9355019739867195E+01 329   0.12309658E+01   0.10000000E-02
  -0.6283219444411033E+01   0.1871051331668491E+02 329   0.24619939E+01   0.10000000E-02
  -0.6283203481328228E+01   0.9355001023453765E+01 330   0.12309633E+01   0.10000000E-02
  -0.6283220830759795E+01   0.1871047149224493E+02 330   0.24619884E+01   0.10000000E-02
  -0.6283204612466633E+01   0.9354972512431634E+01 331   0.12309595E+01   0.10000000E-02
  -0.6283223983014994E+01   0.1871042059391001E+02 331   0.24619817E+01   0.10000000E-02
  -0.6283205728939332E+01   0.9354945324070118E+01 332   0.12309560E+01   0.10000000E-02
  -0.6283225826127362E+01   0.1871036290070382E+02 332   0.24619741E+01   0.10000000E-02
  -0.6283207126522826E+01   0.9354928839806458E+01 333   0.12309538E+01   0.10000000E-02
  -0.6283229115346745E+01   0.1871031636698331E+02 333   0.24619679E+01   0.10000000E-02
  -0.6283207807515366E+01   0.9354900494817457E+01 334   0.12309501E+01   0.10000000E-02
  -0.6283230500253238E+01   0.1871026235731574E+02 334   0.24619608E+01   0.10000000E-02
  -0.6283209333612610E+01   0.9354876262670228E+01 335   0.12309469E+01   0.10000000E-02
  -0.6283234312143661E+01   0.1871020601850136E+02 335   0.24619534E+01   0.10000000E-02
  -0.6283210156512325E+01   0.9354859607393716E+01 336   0.12309447E+01   0.10000000E-02
  -0.6283235367783610E+01   0.1871016978636945E+02 336   0.24619487E+01   0.10000000E-02
  -0.6283211418581619E+01   0.9354831852391907E+01 337   0.12309410E+01   0.10000000E-02
  -0.6283237754489477E+01   0.1871011416250994E+02 337   0.24619413E+01   0.10000000E-02
  -0.6283212876906149E+01   0.9354810917125634E+01 338   0.12309383E+01   0.10000000E-02
  -0.6283239657758462E+01   0.1871008101043409E+02 338   0.24619370E+01   0.10000000E-02
  -0.6283213245683405E+01   0.9354802893699656E+01 339   0.12309372E+01   0.10000000E-02
  -0.6283241873441423E+01   0.1871005241036731E+02 339   0.24619332E+01   0.10000000E-02
  -0.6283214237504244E+01   0.9354781616650039E+01 340   0.12309344E+01   0.10000000E-02
  -0.6283244107797353E+01   0.1871000354870190E+02 340   0.24619268E+01   0.10000000E-02
  -0.6283216528134220E+01   0.9354755483293049E+01 341   0.12309310E+01   0.10000000E-02
  -0.6283246863107904E+01   0.1870995559878367E+02 341   0.24619205E+01   0.10000000E-02
  -0.6283216871698158E+01   0.9354749088767108E+01 342   0.12309301E+01   0.10000000E-02
  -0.6283248242745971E+01   0.1870993468277759E+02 342   0.24619177E+01   0.10000000E-02
  -0.6283217858193241E+01   0.9354732742237107E+01 343   0.12309280E+01   0.10000000E-02
  -0.6283250490234263E+01   0.1870989779216868E+02 343   0.24619129E+01   0.10000000E-02
  -0.5074050489991725E+01   0.0000000000000000E+00 344   0.00000000E+00   0.10000000E-02
  -0.5684887443112286E+01   0.0000000000000000E+00 344   0.00000000E+00   0.10000000E-02
  -0.6283196791340492E+01   0.9354716616895321E+01 345   0.12309259E+01   0.10000000E-02
  -0.6283254775369222E+01   0.1870983557809775E+02 345   0.24619047E+01   0.10000000E-02
  -0.6283221314577574E+01   0.9354686269396088E+01 346   0.12309219E+01   0.10000000E-02
  -0.6283256782400951E+01   0.1870979522080256E+02 346   0.24618994E+01   0.10000000E-02
  -0.6283222760774669E+01   0.9354673171717296E+01 347   0.12309202E+01   0.10000000E-02
  -0.6283259867023981E+01   0.1870976242728982E+02 347   0.24618951E+01   0.10000000E-02
  -0.6829745192670728E+01   0.0000000000000000E+00 348   0.00000000E+00   0.10000000E-02
  -0.6283261325185345E+01   0.1870973227536985E+02 348   0.24618911E+01   0.10000000E-02
  -0.6283221160297309E+01   0.9354655249356486E+01 349   0.12309178E+01   0.10000000E-02
  -0.6283263139145490E+01   0.1870971676285824E+02 349   0.24618891E+01   0.10000000E-02
  -0.6283224687287507E+01   0.9354641168324767E+01 350   0.12309159E+01   0.10000000E-02
  -0.6283264386925965E+01   0.1870968245797747E+02 350   0.24618845E+01   0.10000000E-02
  -0.6283226476179546E+01   0.9354635853354896E+01 351   0.12309152E+01   0.10000000E-02
  -0.6283266963912286E+01   0.1870967063661458E+02 351   0.24618830E+01   0.10000000E-02
  -0.6283226634431582E+01   0.9354626565000752E+01 352   0.12309140E+01   0.10000000E-02
  -0.6283268782753605E+01   0.1870963521798192E+02 352   0.24618783E+01   0.10000000E-02
  -0.6283228225634380E+01   0.9354621944833440E+01 353   0.12309134E+01   0.10000000E-02
  -0.6283270837739554E+01   0.1870963632762856E+02 353   0.24618785E+01   0.10000000E-02
  -0.6283228948783246E+01   0.9354622782427866E+01 354   0.12309135E+01   0.10000000E-02
  -0.6283272440110403E+01   0.1870962415378122E+02 354   0.24618769E+01   0.10000000E-02
  -0.6283230015193470E+01   0.9354613738344891E+01 355   0.12309123E+01   0.10000000E-02
  -0.6283275378663958E+01   0.1870960281117941E+02 355   0.24618741E+01   0.10000000E-02
  -0.6283230842526906E+01   0.9354609710046303E+01 356   0.12309118E+01   0.10000000E-02
  -0.6283277129812247E+01   0.1870958714240667E+02 356   0.24618720E+01   0.10000000E-02
  -0.4869751617447418E+01   0.0000000000000000E+00 357   0.00000000E+00   0.10000000E-02
  -0.6283277787253767E+01   0.1870957382349266E+02 357   0.24618702E+01   0.10000000E-02
  -0.6283232724824236E+01   0.9354599955000460E+01 358   0.12309105E+01   0.10000000E-02
  -0.6283280521561089E+01   0.1870955478864597E+02 358   0.24618677E+01   0.10000000E-02
  -0.6283233588008441E+01   0.9354600627366702E+01 359   0.12309106E+01   0.10000000E-02
  -0.6283281673913167E+01   0.1870954953426047E+02 359   0.24618670E+01   0.10000000E-02
  -0.6283235354450326E+01   0.9354591560641052E+01 360   0.12309094E+01   0.10000000E-02
  -0.6283285068422817E+01   0.1870953411551909E+02 360   0.24618650E+01   0.10000000E-02
